40,20

0,0,2
39,2,2
23,3,2
39,5,2
12,7,2
1,15,2
11,17,2
39,19,2

0,4,1
0,5,1
0,6,1
0,12,1
0,15,1
0,16,1
1,5,1
1,6,1
1,11,1
1,12,1
1,16,1
2,6,1
2,11,1
2,19,1
3,6,1
3,11,1
3,15,1
3,19,1
4,11,1
4,15,1
4,19,1
5,14,1
5,15,1
5,18,1
6,8,1
6,9,1
6,14,1
6,18,1
7,4,1
7,9,1
7,14,1
7,18,1
8,4,1
8,14,1
9,4,1
9,18,1
10,4,1
10,12,1
10,16,1
10,17,1
10,18,1
11,12,1
11,16,1
12,12,1
12,16,1
13,2,1
13,7,1
13,19,1
14,2,1
14,15,1
14,16,1
14,17,1
14,18,1
14,19,1
15,2,1
15,10,1
16,2,1
16,17,1
16,18,1
16,19,1
17,8,1
17,14,1
17,17,1
18,13,1
18,17,1
19,6,1
19,13,1
19,17,1
20,17,1
21,10,1
21,18,1
22,10,1
22,19,1
23,4,1
23,5,1
23,6,1
23,7,1
23,10,1
24,6,1
24,10,1
24,15,1
25,9,1
25,10,1
26,9,1
26,15,1
26,19,1
27,7,1
28,6,1
28,15,1
29,6,1
29,19,1
30,6,1
30,15,1
31,9,1
32,5,1
32,9,1
32,15,1
32,19,1
33,5,1
33,9,1
34,4,1
34,9,1
34,15,1
35,3,1
35,9,1
35,19,1
36,3,1
36,15,1
37,3,1
37,6,1
37,12,1
38,3,1
38,6,1
38,12,1
38,19,1
39,3,1
39,6,1
39,12,1

0,18,3
